Surface analysis

Generated: Friday 25 June 2021 14:42:33

						
Left filename	Left2_5m.jpg					
Left frame number	      0					
Plane definition points	56					
RMS plane fit (mm)	116.305					
X plane direction (unit vector)	[0.9899, -0.0000, 0.1415]					
Y plane direction (unit vector)	[-0.0358, 0.9675, 0.2502]					
Z plane direction (unit vector)	[-0.1369, -0.2527, 0.9578]					
Plane shift (mm)	[-1387.6011, -1193.4274, -2503.5577]					
						
Transformed coordinates						
X (mm)	Y (mm)	Z (mm)				
17.534	1420.870	0.000				
2042.791	0.000	299.627				
1972.179	1410.275	409.275				
1344.925	1183.376	389.210				
529.669	67.197	416.101				
1006.703	566.606	529.926				
1996.524	987.882	275.484				
1082.138	768.455	395.706				
1144.838	1356.518	231.432				
1412.440	1360.844	375.701				
1716.475	554.989	171.930				
1836.199	249.561	228.664				
750.048	1275.406	273.083				
373.319	1350.845	130.174				
1704.547	1001.212	236.099				
372.011	238.964	418.828				
89.488	400.588	406.717				
639.997	584.046	507.830				
1636.562	1428.454	365.675				
1376.959	127.422	197.779				
1335.232	666.114	282.744				
1437.770	1057.136	442.164				
1100.793	1058.927	383.684				
911.681	1304.733	258.168				
1491.104	403.650	197.103				
1697.914	218.927	266.782				
1254.897	1313.767	313.512				
1575.855	1309.755	428.406				
1103.699	937.960	394.166				
843.623	882.719	410.019				
1203.437	409.108	189.993				
1987.842	784.292	313.237				
1522.946	1135.059	447.559				
767.195	1082.300	349.690				
621.653	1208.474	289.767				
997.690	1092.062	372.806				
0.000	1104.970	22.415				
1967.945	523.154	283.296				
1223.011	1013.925	433.765				
836.935	569.249	510.421				
1232.307	1117.124	405.765				
1320.142	896.741	421.283				
1211.837	1219.819	358.514				
1868.210	412.171	228.689				
869.500	1199.081	335.955				
1537.709	1421.505	368.522				
138.757	609.149	289.251				
1570.911	541.936	155.949				
1073.474	1242.716	332.961				
941.480	900.774	427.565				
1881.091	703.076	267.275				
716.658	808.132	429.361				
1668.837	387.429	214.955				
1472.331	267.702	266.459				
1860.791	1108.946	453.613				
1810.050	137.431	273.910				
						
Triangle data						
X centre (mm)	Y centre (mm)	Z centre (mm)	Slope (deg)	Direction (deg)	Plan area (mm^2)	3D area (mm^2)
1628.308	161.260	246.157	12.857	229.027	18208.678	18676.932
1743.266	88.284	257.105	11.496	238.456	30924.959	31558.047
1781.388	201.973	256.452	22.199	28.769	7352.386	7941.019
1896.347	128.997	267.401	21.489	16.575	14845.362	15954.336
1713.731	1139.971	372.706	50.125	218.638	31036.143	48409.580
1691.069	1282.385	415.898	25.200	26.335	23006.115	25425.969
1823.177	1315.892	409.521	12.714	328.002	51578.122	52874.493
1943.165	1169.034	379.458	48.112	103.177	27192.837	40727.668
1853.954	1032.680	321.732	59.875	187.099	16769.277	33412.173
1515.734	204.683	243.674	23.564	192.384	18148.298	19799.333
1544.091	352.927	226.172	27.486	354.129	12233.454	13789.977
1613.027	291.352	249.399	18.072	11.955	18296.517	19246.021
1388.957	360.153	217.852	27.133	358.323	19605.160	22029.581
1350.909	268.077	218.077	24.461	241.332	25603.339	28128.008
1576.951	444.338	189.335	19.028	348.354	12936.280	13683.986
1652.074	494.785	180.944	18.027	335.242	11884.520	12498.010
1751.174	451.530	205.191	16.957	339.970	16114.144	16846.557
1791.082	349.720	224.103	4.113	281.020	15814.077	15854.920
1734.317	285.305	236.801	21.612	30.298	12096.042	13010.737
492.356	875.252	336.126	23.260	308.770	125131.356	136201.031
498.470	667.109	408.814	32.643	320.032	57122.819	67838.061
799.072	753.367	449.934	17.906	353.554	19650.459	20650.741
731.196	653.809	482.537	19.087	2.124	22632.756	23949.391
701.835	1032.969	356.273	19.020	336.441	23139.653	24475.952
775.825	924.384	396.357	16.442	355.997	15520.205	16181.927
1945.626	670.174	287.936	20.539	256.591	13130.362	14021.702
1855.170	593.740	240.833	25.571	253.880	21239.997	23546.290
1767.371	753.092	225.101	24.985	250.501	37610.922	41494.058
1857.827	829.527	272.203	20.135	253.573	23082.205	24584.734
1042.439	869.063	405.812	11.896	94.796	13347.581	13640.546
955.747	850.649	411.097	20.699	197.363	7743.951	8278.336
1014.290	976.932	398.179	15.907	31.853	14470.144	15046.283
902.122	1025.046	383.354	18.746	340.402	21771.152	22990.715
850.766	955.265	395.758	17.200	314.822	10455.118	10944.552
1128.701	1173.821	358.386	16.275	330.780	12402.030	12919.769
1057.319	1131.235	363.150	15.319	356.306	9021.927	9354.300
1143.383	1273.018	307.636	42.421	357.895	8690.019	11771.863
1043.331	1301.322	274.187	43.768	354.189	11419.086	15812.671
951.552	1248.843	309.028	39.136	348.936	9854.793	12705.252
980.222	1177.953	347.241	16.273	350.744	13711.298	14283.501
1465.749	537.233	211.932	28.053	91.063	21250.643	24079.619
1536.897	736.421	224.931	25.717	126.583	62418.035	69280.629
1663.978	699.379	187.993	9.950	213.437	32555.016	33052.133
383.588	477.386	405.303	23.707	280.194	89847.867	98128.685
200.085	416.234	371.599	29.330	25.976	33443.043	38360.168
253.470	974.198	200.477	32.502	308.799	161295.308	191250.158
76.082	704.902	239.461	28.982	5.029	26683.718	30503.506
1508.668	1364.035	390.876	26.896	339.998	8156.355	9145.665
1583.375	1386.571	387.534	28.057	359.069	5655.906	6409.110
1364.996	1379.622	325.219	54.301	336.286	7845.533	13445.179
878.128	1124.481	352.817	13.483	332.872	12959.419	13326.700
795.581	1185.596	319.576	25.195	322.058	10879.121	12022.969
843.743	1259.740	289.069	37.066	356.619	7919.891	9925.379
1959.648	311.775	270.537	26.745	265.374	30241.615	33864.554
1915.733	220.577	252.327	15.799	281.107	20791.295	21607.547
1850.877	496.771	227.971	24.766	259.453	15541.890	17116.128
1270.553	1238.987	353.746	27.789	350.345	7036.276	7953.529
1263.023	1173.440	384.496	24.314	345.818	6460.771	7089.594
1203.857	1296.701	301.153	40.143	325.711	6090.340	7967.052
1181.646	1131.957	382.654	27.468	318.952	7348.627	8282.305
1215.617	949.542	416.405	16.897	214.683	10680.051	11161.938
1168.660	867.718	403.718	7.017	281.449	18788.446	18930.223
1245.838	777.103	366.578	31.928	160.407	28412.892	33477.432
1326.974	989.267	432.404	6.845	187.250	14681.713	14787.108
1487.486	985.030	366.515	41.481	133.074	24684.037	32948.498
1453.307	854.689	313.375	40.204	131.427	45115.252	59070.964
1297.696	1062.728	427.231	16.475	341.175	10880.543	11346.390
1338.334	1119.212	412.380	20.545	349.291	10184.035	10875.767
1185.370	1063.325	407.738	22.930	314.849	6515.570	7074.594
668.867	406.831	478.117	9.864	188.623	51709.792	52485.661
1015.691	514.988	410.113	66.970	183.691	13109.104	33508.241
856.680	348.518	372.172	40.238	132.383	116604.441	152749.853
920.899	740.141	438.715	20.804	33.787	37765.819	40399.944
975.259	634.770	478.684	35.429	351.599	17233.403	21149.630
1142.501	1003.604	403.872	21.258	281.490	7326.844	7861.762
1999.526	435.815	298.720	33.758	264.508	14977.028	18014.334
130.284	1292.228	50.863	19.780	284.538	56810.099	60372.082
331.657	1221.430	147.452	29.146	301.018	57104.432	65383.298
1067.394	1029.650	383.552	6.581	317.287	6187.870	6228.916
581.673	1278.242	231.008	36.682	341.366	17450.530	21759.622
712.965	1188.727	304.180	21.655	349.338	12970.722	13955.694
1435.213	1125.191	426.311	19.189	309.828	8993.662	9522.752
1503.747	1268.553	417.222	17.970	305.726	15625.506	16426.856
1426.770	1226.426	404.157	18.397	303.180	17427.473	18366.097
1601.116	1148.676	370.688	46.046	101.043	19403.415	27955.567
1555.087	1064.469	375.274	44.001	140.320	12775.712	17760.718
1896.304	924.462	274.940	12.885	326.525	29779.633	30548.905
1343.258	492.958	223.280	19.100	185.179	37325.896	39500.375
1181.791	547.276	334.221	53.469	130.911	35659.672	59906.538
1036.688	201.242	267.958	16.864	53.914	124560.156	130157.661
1337.421	1285.996	359.475	28.182	298.459	12390.140	14056.478
1270.725	1343.710	306.882	36.821	313.019	5958.218	7443.025
678.349	1310.328	220.475	51.175	353.906	11620.897	18535.613
809.946	1337.365	206.592	49.080	353.046	19315.258	29488.499
1141.358	667.059	402.792	37.132	55.142	29403.346	36881.043
1316.473	64.873	304.502	57.529	5.348	74031.297	137894.412
513.892	296.736	447.586	11.583	224.181	50218.030	51261.985
330.390	235.583	413.882	9.070	223.251	11523.427	11669.346
						
Total plan area (mm^2)	2544418.569					
Total 3D area (mm^2)	2994287.451					
						
Slope bitmap	Double click to view	Darkest: 0 degree slope	Brightest: 90 degree slope			
Slope direction bitmap	Double click to view	0 deg = red, 120 deg = green, 240 deg = blue				
Surface bitmap	Double click to view	Darkest: z = 0.000 (mm)	Lightest: z = 529.926 (mm)			
