Surface analysis

Generated: Monday 05 July 2021 15:04:17

						
Left filename	Left1_2m.jpg					
Left frame number	      0					
Plane definition points	36					
RMS plane fit (mm)	89.661					
X plane direction (unit vector)	[1.0000, 0.0000, -0.0058]					
Y plane direction (unit vector)	[0.0025, 0.9012, 0.4334]					
Z plane direction (unit vector)	[0.0052, -0.4334, 0.9012]					
Plane shift (mm)	[-1075.3055, -2187.8628, -2436.2079]					
						
Transformed coordinates						
X (mm)	Y (mm)	Z (mm)				
573.065	1567.003	378.684				
1308.885	1760.263	395.049				
907.295	1978.632	331.973				
1169.771	1987.544	374.830				
1885.747	1226.615	386.579				
1073.148	0.000	284.688				
1064.721	1037.584	316.498				
1998.640	1790.747	419.369				
1237.339	1271.862	342.663				
1247.750	861.700	329.359				
1535.192	1268.752	302.985				
676.116	1320.793	356.976				
861.408	1836.221	315.135				
0.000	1267.751	265.084				
1543.095	1965.609	136.218				
2045.597	1084.804	357.803				
1688.164	416.965	281.051				
1739.708	775.165	285.786				
831.250	1563.965	358.369				
1820.778	1355.734	309.288				
628.193	699.813	351.889				
1418.490	1663.108	383.157				
1149.624	1671.469	0.000				
1753.179	2016.713	349.558				
2254.081	1396.433	348.084				
1847.484	1697.962	382.628				
1019.029	1633.356	499.154				
1349.991	2009.471	242.906				
1713.251	1266.954	304.754				
855.581	1283.204	389.574				
572.082	1794.858	359.809				
1160.054	1904.424	361.112				
1060.421	1872.108	358.379				
1264.870	1840.313	362.068				
1696.535	1737.457	360.834				
587.790	1705.853	380.094				
						
Triangle data						
X centre (mm)	Y centre (mm)	Z centre (mm)	Slope (deg)	Direction (deg)	Plan area (mm^2)	3D area (mm^2)
673.760	1778.977	351.679	15.418	25.522	13200.599	13693.430
760.149	1702.013	351.199	12.448	50.676	35281.279	36130.612
577.646	1689.238	372.862	40.241	275.370	1745.837	2287.137
664.035	1612.274	372.382	4.609	103.248	17946.787	18005.007
1550.072	1556.439	348.992	11.748	143.132	59162.747	60428.533
1684.168	1453.981	324.369	7.438	172.367	59910.836	60419.212
1552.707	1788.724	293.403	41.789	350.007	37422.329	50190.734
1664.270	1906.593	282.204	47.965	283.511	27886.211	41646.744
1765.733	1817.377	364.340	8.153	297.503	22195.251	22421.847
1788.266	1597.051	350.917	15.621	224.633	26356.778	27367.649
1241.126	1757.348	252.372	65.542	250.647	8328.565	20115.805
1191.516	1805.402	241.060	60.576	211.703	12543.035	25532.056
1307.915	1870.016	333.341	32.182	26.187	7129.750	8423.991
1198.231	1910.760	366.004	10.443	213.872	4667.673	4746.289
1261.544	1945.776	326.602	37.811	62.525	14309.611	18112.490
943.042	1895.654	335.162	12.094	256.175	13347.514	13650.474
1130.082	1921.359	364.774	9.669	170.839	3983.727	4041.136
1045.829	1946.095	355.061	9.324	274.387	14662.409	14858.724
980.286	1780.561	390.889	36.078	332.711	23014.623	28475.991
1123.366	1816.000	239.830	58.690	162.939	11436.393	22007.311
1076.358	1725.644	285.844	75.423	91.146	14801.173	58808.698
780.262	1869.904	335.639	14.118	134.439	19652.734	20264.837
381.716	1543.204	334.526	14.276	288.752	65434.976	67520.100
787.649	1389.321	368.306	10.664	301.068	24736.050	25170.743
1052.547	1197.550	349.578	12.947	149.406	45697.596	46889.620
719.963	1101.270	366.147	10.233	271.820	56622.874	57538.167
849.498	1006.867	352.654	13.104	126.279	88930.579	91308.105
1037.316	1396.141	410.464	20.909	162.948	67763.419	72540.226
901.953	1493.508	415.699	37.509	273.342	27204.668	34294.851
1689.740	1297.146	305.676	2.287	194.977	8000.779	8007.156
1806.592	1283.101	333.540	29.108	317.107	9825.875	11246.273
1662.717	1103.624	297.842	2.317	194.785	43760.080	43795.889
1779.569	1089.578	325.706	26.281	262.448	41882.106	46710.494
1400.657	1911.781	258.058	39.806	53.077	24962.956	32494.480
1548.755	1997.264	242.894	73.330	183.513	9541.596	33262.870
1135.331	1525.562	280.605	74.939	64.595	27764.953	106851.021
903.896	1677.847	390.886	41.343	286.655	24515.648	32653.819
1866.435	1835.140	383.852	14.628	275.925	28465.715	29419.291
2033.402	1628.380	383.360	14.564	201.332	41652.108	43034.928
1974.114	1483.376	346.667	12.420	198.510	73600.701	75364.570
1986.869	1326.261	347.984	28.660	345.248	29295.994	33386.582
2061.809	1235.951	364.155	8.074	113.254	39689.559	40086.909
1268.484	1535.480	241.940	56.504	291.281	53353.535	96676.378
1292.333	1698.280	259.402	66.731	219.553	12602.736	31901.938
1423.490	1796.327	304.808	39.736	47.160	22630.866	29429.185
1397.007	1401.240	342.935	11.888	141.343	58548.486	59831.648
434.770	1096.119	324.650	7.751	270.973	208656.390	210580.367
980.221	866.366	332.582	5.046	8.841	69300.056	69569.632
983.030	520.504	321.979	4.675	139.870	252802.972	253646.696
567.114	655.855	300.554	34.351	230.742	93455.772	113197.681
693.477	1483.920	364.676	5.470	125.425	31627.169	31771.849
1507.550	968.539	306.043	5.083	88.712	112563.063	113007.431
1824.490	758.978	308.213	14.630	275.315	46804.776	48373.115
1890.351	1028.861	343.389	12.362	183.669	46437.095	47539.393
1558.540	684.610	298.732	5.020	106.755	90340.197	90688.091
1336.354	426.222	298.366	4.446	142.255	228578.220	229268.186
416.394	1385.182	333.582	10.644	221.647	85966.247	87471.322
1340.093	1134.105	325.002	7.747	102.334	61067.752	61630.318
1183.270	1057.049	329.507	6.262	251.358	36620.178	36839.975
						
Total plan area (mm^2)	2739689.606					
Total 3D area (mm^2)	3114628.007					
						
Slope bitmap	Double click to view	Darkest: 0 degree slope	Brightest: 90 degree slope			
Slope direction bitmap	Double click to view	0 deg = red, 120 deg = green, 240 deg = blue				
Surface bitmap	Double click to view	Darkest: z = 0.000 (mm)	Lightest: z = 499.154 (mm)			
