Surface analysis

Generated: Monday 05 July 2021 18:09:11

						
Left filename	Left3_5m.jpg					
Left frame number	      0					
Plane definition points	43					
RMS plane fit (mm)	18.978					
X plane direction (unit vector)	[0.9992, -0.0000, 0.0398]					
Y plane direction (unit vector)	[0.0105, 0.9643, -0.2647]					
Z plane direction (unit vector)	[-0.0384, 0.2649, 0.9635]					
Plane shift (mm)	[-661.1839, 43.9425, -1270.9587]					
						
Transformed coordinates						
X (mm)	Y (mm)	Z (mm)				
712.316	301.900	11.762				
655.622	501.770	22.404				
219.929	729.214	54.011				
328.115	222.286	25.076				
928.238	663.224	22.740				
415.458	686.103	44.404				
119.955	349.572	25.792				
473.432	232.931	26.131				
618.015	776.643	51.427				
915.191	479.779	39.441				
822.581	102.031	1.923				
490.161	29.741	24.245				
766.488	799.290	47.949				
264.179	30.493	42.574				
378.159	402.475	40.639				
1030.662	359.926	54.895				
964.452	145.347	31.902				
570.739	587.537	29.212				
226.279	302.540	38.063				
689.947	635.718	36.453				
999.656	874.970	6.723				
672.224	130.848	48.582				
378.068	564.402	30.204				
40.876	528.861	49.401				
0.000	756.758	0.000				
481.773	861.547	66.582				
508.227	395.348	12.478				
675.774	0.000	48.263				
778.416	432.199	41.833				
1076.817	701.602	64.085				
692.341	837.054	56.653				
871.765	854.653	37.760				
551.887	702.701	42.507				
313.244	142.273	56.836				
289.416	494.350	45.849				
554.835	223.073	56.130				
190.694	459.285	58.215				
623.715	216.542	64.660				
837.129	657.091	22.106				
444.459	325.397	55.244				
729.307	203.277	88.749				
679.216	71.255	42.417				
554.371	41.755	38.378				
						
Triangle data						
X centre (mm)	Y centre (mm)	Z centre (mm)	Slope (deg)	Direction (deg)	Plan area (mm^2)	3D area (mm^2)
593.810	131.892	47.696	5.636	187.334	10663.729	10715.525
533.122	98.190	39.584	12.633	244.245	5818.501	5962.858
635.271	81.286	43.125	5.974	184.218	3823.083	3843.957
636.454	37.670	43.019	5.680	328.247	4397.163	4418.855
573.435	23.832	36.962	17.341	213.255	2069.844	2168.407
724.674	101.378	30.974	16.961	102.996	4379.372	4578.523
725.857	57.762	30.868	15.451	75.520	5054.792	5244.320
741.371	145.385	46.418	35.623	165.678	6267.565	7710.480
675.082	183.556	67.330	23.536	218.471	4202.549	4583.894
688.446	240.573	55.057	37.571	350.048	5094.223	6427.231
838.780	150.218	40.858	39.427	177.251	9202.019	11912.986
802.025	216.841	44.137	44.158	27.829	11103.194	15476.457
502.507	314.606	41.284	24.314	42.086	7122.953	7816.225
490.909	260.467	45.835	31.608	223.380	3620.745	4251.431
443.615	374.407	36.120	24.732	31.127	4776.444	5258.793
383.578	316.719	40.320	13.667	265.508	7901.959	8132.226
415.335	260.205	35.484	17.244	177.148	6872.663	7196.110
893.519	600.031	28.096	5.308	351.865	8316.759	8352.578
879.044	724.989	27.536	4.515	181.191	8893.592	8921.277
825.127	770.345	35.939	10.520	124.795	9440.591	9602.004
764.521	697.366	35.503	9.633	137.104	11219.477	11379.934
768.497	575.003	33.464	6.238	53.691	15922.581	16017.404
843.579	523.023	34.460	5.289	351.095	13983.084	14042.869
562.259	278.321	44.423	13.919	335.584	5780.908	5955.794
614.753	304.597	29.633	24.739	24.999	12850.160	14148.631
616.925	190.154	56.457	17.263	208.791	2792.843	2924.586
235.463	418.725	47.376	10.387	120.363	8360.958	8500.269
178.976	370.466	40.690	14.437	228.066	7496.076	7740.495
233.346	560.950	52.692	7.099	89.040	12811.400	12910.359
150.499	572.453	53.876	3.056	293.039	21237.208	21267.450
117.175	445.906	44.469	13.989	217.277	10679.383	11005.801
506.142	161.915	35.502	20.581	263.882	8187.731	8745.936
295.804	595.989	43.355	9.419	85.107	12844.457	13020.010
348.548	487.076	38.898	8.032	62.796	7180.767	7251.906
297.951	399.788	41.517	2.656	164.439	11411.222	11423.495
371.597	199.163	36.014	22.071	354.787	5734.429	6187.868
425.612	134.982	35.737	10.662	88.110	17032.524	17331.745
355.861	67.503	41.218	10.303	153.692	12648.538	12855.815
289.213	222.366	39.992	26.725	49.716	4670.795	5229.434
267.901	158.436	45.824	14.035	265.836	8792.242	9062.782
512.695	658.781	38.708	6.520	166.127	8012.304	8064.467
483.040	750.117	51.164	8.047	167.461	11417.477	11531.025
550.559	780.297	53.505	8.151	170.696	7844.266	7924.312
619.950	705.021	43.462	6.388	185.245	7318.963	7364.683
604.191	641.985	36.057	6.749	186.407	7318.370	7369.442
681.960	851.084	53.665	15.768	16.182	4050.266	4208.644
933.220	797.616	22.408	13.702	91.542	12814.681	13190.074
776.864	830.332	47.454	6.225	100.521	4040.311	4064.279
597.376	825.081	58.221	7.437	165.607	7270.433	7332.106
692.281	804.329	52.010	8.473	162.383	3643.008	3683.207
1001.570	746.599	31.183	20.574	299.647	14360.108	15338.436
1007.557	513.769	52.807	8.086	266.880	22492.716	22718.588
973.415	614.868	42.089	18.134	290.166	13377.801	14076.985
707.995	523.229	33.563	11.210	253.532	9418.016	9601.190
840.465	364.675	36.163	11.646	209.965	18822.360	19217.999
908.090	423.968	45.390	6.340	349.367	10943.465	11010.798
715.451	411.956	25.333	14.203	242.487	10299.276	10624.004
820.936	82.459	27.362	56.122	335.223	4058.065	7279.981
476.705	20.078	38.361	53.356	3.650	3290.605	5513.383
421.485	454.075	27.774	12.916	73.648	10530.528	10803.866
485.678	515.763	23.965	5.357	170.026	17791.484	17869.528
578.196	494.885	21.365	4.879	183.927	10837.565	10876.984
625.389	399.673	15.548	3.700	201.772	17746.617	17783.676
233.901	782.506	40.198	20.564	326.631	18158.021	19393.752
372.387	758.955	54.999	7.703	171.656	18581.680	18750.887
86.935	671.611	34.471	15.901	308.334	24497.633	25472.267
454.755	612.681	34.607	7.091	170.797	11291.578	11378.600
337.818	659.906	42.873	7.144	169.927	12704.025	12803.435
691.483	737.217	45.276	5.421	157.202	11276.301	11326.965
638.769	575.008	29.356	5.808	191.609	7156.974	7193.905
203.471	227.535	35.476	6.570	270.267	13571.311	13661.028
310.851	309.100	34.593	6.345	153.976	11182.985	11251.907
902.477	269.058	32.853	8.028	240.596	32234.262	32553.287
						
Total plan area (mm^2)	739011.979					
Total 3D area (mm^2)	770810.412					
						
Slope bitmap	Double click to view	Darkest: 0 degree slope	Brightest: 90 degree slope			
Slope direction bitmap	Double click to view	0 deg = red, 120 deg = green, 240 deg = blue				
Surface bitmap	Double click to view	Darkest: z = 0.000 (mm)	Lightest: z = 88.749 (mm)			
