Surface analysis

Generated: Wednesday 07 July 2021 13:56:19

						
Left filename	Left2_2m.jpg					
Left frame number	      0					
Plane definition points	68					
RMS plane fit (mm)	61.332					
X plane direction (unit vector)	[0.9755, -0.0000, 0.2200]					
Y plane direction (unit vector)	[0.0489, 0.9750, -0.2167]					
Z plane direction (unit vector)	[-0.2145, 0.2221, 0.9511]					
Plane shift (mm)	[-1146.3547, -158.8115, -1660.8026]					
						
Transformed coordinates						
X (mm)	Y (mm)	Z (mm)				
208.529	38.798	159.302				
0.000	453.026	174.249				
747.749	1037.550	286.795				
946.057	50.665	139.553				
851.828	566.478	257.895				
1149.131	942.369	66.254				
1621.942	346.164	228.122				
1104.439	358.457	283.326				
1302.325	744.712	183.944				
1585.656	557.000	234.752				
504.583	293.809	197.476				
659.808	0.000	195.953				
810.030	183.517	203.141				
1335.594	111.060	232.498				
920.573	307.448	55.311				
555.418	830.859	201.864				
441.400	1034.814	201.702				
1364.369	402.018	261.127				
478.215	557.411	198.045				
608.429	611.436	256.686				
1273.154	1078.336	50.629				
1093.779	177.800	114.919				
120.760	768.655	181.792				
1063.435	640.070	249.134				
1271.723	4.065	247.410				
242.772	282.195	143.388				
879.210	916.983	234.870				
1040.195	1009.557	130.262				
705.891	842.573	209.665				
1343.105	605.353	0.000				
554.016	987.452	238.759				
473.676	669.481	196.750				
468.414	808.391	185.820				
805.577	721.820	258.811				
917.682	394.772	232.685				
708.871	172.112	204.171				
715.650	257.044	232.252				
763.013	366.890	240.295				
928.509	580.814	275.970				
962.836	119.760	137.682				
832.579	498.461	267.710				
595.192	490.410	201.528				
669.407	320.002	253.591				
367.719	430.938	194.568				
627.924	420.803	200.217				
924.728	648.070	306.810				
130.998	661.053	225.844				
1080.271	265.329	246.940				
396.214	354.864	191.016				
1094.494	819.400	128.575				
1211.662	333.573	271.374				
94.617	326.880	202.460				
674.402	664.447	240.954				
1164.040	138.005	230.427				
624.738	230.246	238.762				
948.431	223.279	113.774				
349.356	603.168	192.263				
422.321	186.640	173.895				
523.794	188.912	204.690				
283.338	354.824	169.753				
1182.026	408.760	272.785				
534.194	121.191	211.253				
309.342	109.036	176.445				
207.337	192.736	152.479				
1234.362	90.042	250.358				
782.320	68.913	208.185				
578.098	58.611	201.517				
446.874	48.198	208.174				
						
Triangle data						
X centre (mm)	Y centre (mm)	Z centre (mm)	Slope (deg)	Direction (deg)	Plan area (mm^2)	3D area (mm^2)
519.722	76.000	206.981	7.317	152.267	4334.582	4370.172
392.845	114.625	186.172	14.574	329.618	8773.182	9064.842
467.796	118.676	197.774	16.583	314.896	6940.484	7241.703
561.593	35.603	201.881	3.251	112.546	4271.006	4277.892
438.404	28.999	187.810	45.037	189.549	6744.652	9544.493
321.582	65.344	181.307	12.073	284.417	7896.598	8075.199
607.054	117.305	205.647	7.259	145.955	6583.437	6636.634
648.926	76.908	200.547	3.572	153.255	8469.463	8485.952
767.074	141.514	205.165	2.465	7.159	5638.589	5643.812
717.000	80.342	202.770	5.137	255.199	8852.381	8888.084
851.729	124.063	183.003	22.264	97.594	9639.438	10415.952
897.071	79.779	161.807	22.658	100.036	5809.738	6295.612
796.062	39.859	181.230	40.001	156.594	6759.545	8824.129
1244.665	113.036	237.761	27.541	7.615	3166.761	3571.481
1280.560	68.389	243.422	9.803	77.000	4744.424	4814.725
1223.375	77.371	242.732	26.111	242.833	2127.038	2368.791
170.161	186.138	171.414	26.706	84.502	8595.929	9622.409
181.576	267.270	166.109	21.148	97.472	7418.599	7954.298
241.736	113.524	162.742	11.551	282.081	7801.312	7962.571
253.150	194.656	157.438	10.548	322.100	6045.593	6149.506
324.812	192.624	164.576	10.189	331.456	12364.643	12562.770
560.909	180.116	218.235	19.668	276.814	3632.965	3858.048
622.601	174.516	218.062	22.103	158.248	7219.413	7792.068
493.436	165.581	196.613	17.155	279.346	3447.780	3608.316
1252.686	381.450	268.429	3.691	84.189	6754.955	6768.997
1296.500	472.044	177.971	52.447	4.933	18466.701	30298.369
1166.042	366.930	275.829	6.905	76.776	3662.146	3688.902
1116.633	469.096	268.415	7.923	22.031	11956.078	12071.318
1196.188	551.394	173.973	48.609	58.257	30286.789	45806.409
206.909	321.300	171.867	29.207	153.719	6286.549	7202.230
333.471	462.977	185.528	15.630	266.640	7965.297	8271.158
254.564	539.682	195.954	9.793	135.386	29024.708	29453.856
125.985	378.243	182.154	18.900	21.625	13225.250	13978.923
138.112	489.635	189.949	12.378	195.199	35903.038	36757.531
349.090	380.209	185.113	12.508	238.099	4294.053	4398.446
307.442	330.628	168.053	17.707	216.138	4098.280	4302.091
483.566	223.120	192.021	16.912	272.476	5343.957	5585.516
551.038	237.656	213.643	18.790	271.089	5691.371	6011.781
353.769	274.566	169.433	15.715	240.236	13854.865	14392.842
441.040	278.438	187.463	10.021	226.489	8318.196	8447.066
312.843	726.738	186.625	2.516	338.290	33307.920	33340.060
430.482	693.680	191.611	6.147	314.725	8809.090	8860.024
433.749	610.020	195.686	2.435	283.429	7116.788	7123.219
200.371	677.625	199.967	27.091	31.742	11451.549	12862.759
398.430	530.506	194.959	2.442	282.099	10676.572	10686.273
983.092	265.352	138.675	49.253	286.306	6134.149	9397.820
1040.827	222.136	158.544	59.001	197.634	6053.938	11754.546
1001.682	173.613	122.125	14.013	15.650	7195.611	7416.321
907.099	175.519	151.532	32.488	61.025	7450.014	8832.259
893.011	238.081	124.075	42.741	26.159	6378.422	8684.860
599.576	281.353	229.943	18.840	270.769	6811.945	7197.570
669.932	269.097	241.535	15.343	149.081	3481.411	3610.076
683.086	219.801	225.062	21.083	153.315	3769.809	4040.256
1237.099	194.213	244.767	11.502	192.287	17416.841	17773.795
1151.991	245.636	249.580	11.729	205.201	11222.975	11462.293
1112.697	193.711	197.428	73.379	234.805	2806.151	9810.394
1127.273	64.245	205.797	21.169	245.986	19300.831	20697.559
1067.959	122.157	161.633	57.513	323.900	7405.540	13787.702
786.270	576.462	255.519	8.463	354.730	6976.873	7053.685
705.137	591.448	255.117	12.870	15.667	9667.847	9916.970
728.623	742.947	236.477	17.559	313.163	10779.501	11306.279
645.237	779.293	217.494	11.245	340.481	13217.244	13475.962
612.750	702.247	233.168	14.542	6.991	8643.100	8929.162
777.269	650.915	252.553	7.131	250.830	11515.215	11604.973
101.049	272.901	178.670	50.091	241.734	6443.949	10043.977
1132.124	319.120	267.213	21.617	177.164	5293.488	5693.978
1303.875	282.217	255.000	9.094	133.363	21230.797	21501.040
966.144	794.818	223.418	37.489	60.279	26725.402	33681.560
1027.552	702.513	228.173	36.705	37.137	12561.349	15667.981
1004.633	915.314	164.569	30.227	74.902	17819.449	20623.432
1094.606	923.776	108.364	36.218	74.731	8533.365	10577.195
1153.418	734.727	187.218	34.087	358.022	19795.162	23901.847
1181.983	835.494	126.258	28.545	352.322	14818.805	16869.403
453.042	425.404	195.704	3.179	197.550	9499.777	9514.422
498.663	379.694	196.674	3.251	275.505	13418.760	13440.391
1035.094	310.412	195.192	50.700	266.516	7945.205	12544.218
83.919	627.578	193.962	43.914	289.608	8112.693	11261.730
901.689	598.454	280.225	26.101	197.637	2605.697	2901.606
860.711	645.456	274.505	27.549	252.799	7549.087	8514.527
972.224	622.985	277.305	30.363	138.180	4649.272	5388.353
869.838	762.291	266.830	19.093	310.036	14342.284	15177.201
686.781	369.232	231.368	26.476	348.167	5690.303	6357.000
600.638	344.871	217.095	28.402	312.523	8850.483	10061.595
575.900	401.674	199.741	1.136	185.523	6371.036	6372.287
685.232	469.891	223.152	17.277	241.674	8393.690	8790.313
741.172	428.718	236.074	17.564	262.278	10762.169	11288.401
480.375	492.920	198.047	1.739	268.151	11098.875	11103.988
716.023	314.645	242.046	15.922	126.957	4030.727	4191.522
678.734	533.436	241.975	26.659	211.767	14311.685	16014.120
560.612	553.086	218.753	26.848	212.729	7522.084	8430.848
870.972	548.584	267.192	19.584	308.773	2469.791	2621.447
892.923	491.349	258.788	14.993	153.476	8477.646	8776.410
837.758	420.041	246.896	15.443	159.686	9205.161	9549.957
1000.891	116.075	130.718	10.324	95.345	4036.785	4103.211
983.543	444.681	263.994	20.772	235.570	17568.814	18790.216
1032.127	526.447	269.477	11.129	44.071	20213.266	20600.638
762.897	269.150	225.229	13.680	129.359	6924.912	7127.094
831.205	285.952	166.249	50.660	84.877	13048.742	20584.329
867.089	356.370	176.097	64.099	168.434	6793.456	15552.431
744.850	204.224	213.188	18.669	171.852	4257.135	4493.564
980.898	353.559	190.440	65.159	198.082	8101.669	19284.688
796.893	827.125	234.448	17.611	311.869	14173.251	14870.153
343.524	870.620	189.771	4.041	182.858	39895.266	39994.702
487.943	943.553	208.760	21.538	253.033	12109.691	13018.757
525.949	875.567	208.815	14.943	207.510	6827.823	7066.815
499.169	769.577	194.812	12.124	289.301	6101.925	6241.124
520.107	612.776	217.160	24.116	269.158	7419.227	8128.720
545.841	703.925	218.433	22.220	292.895	13245.468	14308.031
605.108	886.961	216.763	13.402	188.076	11789.811	12119.866
669.218	955.859	245.073	21.501	203.047	17838.244	19172.378
581.055	1019.939	242.419	16.874	293.186	7408.756	7742.103
1236.288	663.378	144.360	53.126	145.539	18779.348	31296.182
1410.362	635.688	139.565	65.020	217.519	15914.887	37685.786
1431.043	521.457	165.293	54.656	328.964	24145.512	41739.213
777.617	932.369	243.777	21.913	176.167	15339.309	16533.850
889.051	988.030	217.309	30.003	72.799	15789.675	18232.966
1154.160	1010.087	82.382	26.573	122.597	11572.272	12939.061
1020.366	1041.814	155.896	34.793	135.399	13317.660	16217.017
959.196	18.243	194.305	58.827	356.703	14919.645	28823.438
1409.753	153.763	236.010	17.798	322.721	7810.831	8203.447
1387.045	793.349	156.442	22.660	12.544	44525.017	48249.536
1241.537	921.806	100.276	25.204	322.763	22671.683	25057.117
1523.989	435.061	241.333	7.204	94.427	26139.554	26347.539
1440.635	286.414	240.582	8.578	136.121	38274.983	38708.018
						
Total plan area (mm^2)	1385481.931					
Total 3D area (mm^2)	1619182.447					
						
Slope bitmap	Double click to view	Darkest: 0 degree slope	Brightest: 90 degree slope			
Slope direction bitmap	Double click to view	0 deg = red, 120 deg = green, 240 deg = blue				
Surface bitmap	Double click to view	Darkest: z = 0.000 (mm)	Lightest: z = 306.810 (mm)			
